%#0

R0 = [-0.9317403171992057;
 -0.5049689627073066;
 -1.26974817872464];
T0 = [-786.8202995493881;
 -113.8265383286482;
 3789.479212266224];
%--------------------------------------------
%#1

R1 = [-0.3528069364238049;
 -1.154139245677165;
 -1.717037586310827];
T1 = [-467.3076183570151;
 15.77934069252403;
 3517.192328897483];
%--------------------------------------------
%#2

R2 = [-0.4613915362143316;
 1.153362964188175;
 1.658223467067113];
T2 = [265.0136286213381;
 228.3660294553234;
 3369.691778726126];
%--------------------------------------------
%#3

R3 = [-1.07822826146612;
 0.3616202241343501;
 1.08861305504074];
T3 = [65.32750172404934;
 191.2423348767501;
 3728.277605080929];
%--------------------------------------------
%--------------------------------------------
