%#0

R0 = [-0.9317403155402515;
 -0.5049689615693778;
 -1.269748180551421];
T0 = [-786.8203011010895;
 -113.8265394101302;
 3789.479215192338];
%--------------------------------------------
%#1

R1 = [-0.3528069360940511;
 -1.154139240259909;
 -1.717037587121995];
T1 = [-467.3076181957676;
 15.77933979259742;
 3517.192329612697];
%--------------------------------------------
%#2

R2 = [-0.4613915369385419;
 1.153362964950774;
 1.658223466236218];
T2 = [265.0136288759621;
 228.3660292443619;
 3369.69177516714];
%--------------------------------------------
%#3

R3 = [-1.078228258730155;
 0.3616202253854279;
 1.088613055434347];
T3 = [65.32750294670852;
 191.2423337697468;
 3728.277601170748];
%--------------------------------------------
%--------------------------------------------
